1 1 134
1 2 132
1 3 130
1 4 129
1 5 127
1 6 126
1 7 124
1 8 123
1 9 121
1 10 119
1 11 118
1 12 116
1 13 114
1 14 112
1 15 111
1 16 109
1 17 107
1 18 106
1 19 104
1 20 102
1 21 100
1 22 99
1 23 97
1 24 95
1 25 93
1 26 92
1 27 90
1 28 88
1 29 86
1 30 85
1 31 83
1 32 81
1 33 79
1 34 78
1 35 76
1 36 74
1 37 73
1 38 71
1 39 69
1 40 68
1 41 66
1 42 65
1 43 63
1 44 61
1 45 59
1 46 58
1 47 56
1 48 55
1 49 53
1 50 52
1 51 50
1 52 48
1 53 47
1 54 45
1 55 44
1 56 42
1 57 40
1 58 38
1 59 37
1 60 35
2 1 135
2 2 133
2 3 131
2 4 130
2 5 128
2 6 127
2 7 125
2 8 123
2 9 122
2 10 120
2 11 118
2 12 117
2 13 115
2 14 113
2 15 112
2 16 110
2 17 108
2 18 106
2 19 105
2 20 103
2 21 101
2 22 100
2 23 98
2 24 96
2 25 94
2 26 93
2 27 91
2 28 89
2 29 88
2 30 86
2 31 84
2 32 82
2 33 80
2 34 79
2 35 77
2 36 76
2 37 74
2 38 72
2 39 71
2 40 69
2 41 67
2 42 66
2 43 64
2 44 63
2 45 61
2 46 59
2 47 58
2 48 56
2 49 54
2 50 53
2 51 51
2 52 50
2 53 48
2 54 47
2 55 45
2 56 44
2 57 42
2 58 40
2 59 39
2 60 37
3 1 135
3 2 133
3 3 132
3 4 130
3 5 128
3 6 127
3 7 125
3 8 124
3 9 122
3 10 120
3 11 118
3 12 117
3 13 115
3 14 113
3 15 112
3 16 110
3 17 108
3 18 106
3 19 105
3 20 103
3 21 102
3 22 100
3 23 98
3 24 96
3 25 94
3 26 93
3 27 91
3 28 89
3 29 88
3 30 86
3 31 84
3 32 82
3 33 81
3 34 79
3 35 77
3 36 76
3 37 74
3 38 72
3 39 71
3 40 69
3 41 68
3 42 66
3 43 64
3 44 63
3 45 61
3 46 59
3 47 58
3 48 56
3 49 55
3 50 53
3 51 52
3 52 50
3 53 48
3 54 47
3 55 45
3 56 44
3 57 42
3 58 40
3 59 39
3 60 37
4 1 135
4 2 133
4 3 132
4 4 130
4 5 128
4 6 127
4 7 125
4 8 124
4 9 122
4 10 120
4 11 119
4 12 117
4 13 115
4 14 113
4 15 112
4 16 110
4 17 108
4 18 107
4 19 105
4 20 103
4 21 102
4 22 100
4 23 98
4 24 96
4 25 95
4 26 93
4 27 91
4 28 90
4 29 88
4 30 86
4 31 84
4 32 83
4 33 81
4 34 79
4 35 78
4 36 76
4 37 74
4 38 73
4 39 71
4 40 69
4 41 68
4 42 66
4 43 65
4 44 63
4 45 61
4 46 60
4 47 58
4 48 56
4 49 55
4 50 53
4 51 52
4 52 50
4 53 49
4 54 47
4 55 45
4 56 44
4 57 42
4 58 41
4 59 39
4 60 37
5 1 136
5 2 134
5 3 132
5 4 131
5 5 129
5 6 127
5 7 126
5 8 124
5 9 122
5 10 121
5 11 119
5 12 117
5 13 116
5 14 114
5 15 112
5 16 110
5 17 109
5 18 107
5 19 105
5 20 104
5 21 102
5 22 100
5 23 99
5 24 97
5 25 95
5 26 93
5 27 92
5 28 90
5 29 88
5 30 87
5 31 85
5 32 83
5 33 81
5 34 80
5 35 78
5 36 76
5 37 75
5 38 73
5 39 72
5 40 70
5 41 68
5 42 67
5 43 65
5 44 63
5 45 62
5 46 60
5 47 58
5 48 57
5 49 55
5 50 53
5 51 52
5 52 50
5 53 49
5 54 47
5 55 45
5 56 44
5 57 42
5 58 41
5 59 39
5 60 37
6 1 136
6 2 134
6 3 132
6 4 131
6 5 129
6 6 127
6 7 126
6 8 124
6 9 122
6 10 121
6 11 119
6 12 117
6 13 116
6 14 114
6 15 112
6 16 110
6 17 109
6 18 107
6 19 105
6 20 104
6 21 102
6 22 100
6 23 98
6 24 97
6 25 95
6 26 93
6 27 92
6 28 90
6 29 88
6 30 87
6 31 85
6 32 83
6 33 81
6 34 80
6 35 78
6 36 76
6 37 75
6 38 73
6 39 71
6 40 70
6 41 68
6 42 66
6 43 65
6 44 63
6 45 61
6 46 60
6 47 58
6 48 56
6 49 54
6 50 53
6 51 51
6 52 49
6 53 48
6 54 46
6 55 44
6 56 43
6 57 41
6 58 39
6 59 38
6 60 36
7 1 134
7 2 133
7 3 131
7 4 129
7 5 128
7 6 126
7 7 125
7 8 123
7 9 121
7 10 120
7 11 118
7 12 116
7 13 115
7 14 113
7 15 111
7 16 109
7 17 108
7 18 106
7 19 104
7 20 103
7 21 101
7 22 99
7 23 97
7 24 95
7 25 94
7 26 92
7 27 90
7 28 89
7 29 87
7 30 85
7 31 83
7 32 82
7 33 80
7 34 78
7 35 77
7 36 75
7 37 73
7 38 72
7 39 70
7 40 68
7 41 67
7 42 65
7 43 63
7 44 62
7 45 60
7 46 58
7 47 57
7 48 55
7 49 54
7 50 52
7 51 51
7 52 49
7 53 47
7 54 46
7 55 44
7 56 43
7 57 41
7 58 39
7 59 37
7 60 36
8 1 135
8 2 133
8 3 131
8 4 130
8 5 128
8 6 127
8 7 125
8 8 123
8 9 122
8 10 120
8 11 118
8 12 117
8 13 115
8 14 113
8 15 111
8 16 110
8 17 108
8 18 106
8 19 105
8 20 103
8 21 101
8 22 100
8 23 98
8 24 96
8 25 94
8 26 93
8 27 91
8 28 89
8 29 87
8 30 86
8 31 84
8 32 82
8 33 80
8 34 79
8 35 77
8 36 76
8 37 74
8 38 72
8 39 71
8 40 69
8 41 67
8 42 66
8 43 64
8 44 62
8 45 61
8 46 59
8 47 57
8 48 56
8 49 54
8 50 53
8 51 51
8 52 50
8 53 48
8 54 47
8 55 45
8 56 44
8 57 42
8 58 40
8 59 38
8 60 37
9 1 135
9 2 133
9 3 132
9 4 130
9 5 128
9 6 127
9 7 125
9 8 124
9 9 122
9 10 120
9 11 119
9 12 117
9 13 115
9 14 113
9 15 112
9 16 110
9 17 108
9 18 107
9 19 105
9 20 103
9 21 102
9 22 100
9 23 98
9 24 96
9 25 95
9 26 93
9 27 91
9 28 90
9 29 88
9 30 86
9 31 84
9 32 83
9 33 81
9 34 79
9 35 78
9 36 76
9 37 74
9 38 73
9 39 71
9 40 69
9 41 68
9 42 66
9 43 64
9 44 63
9 45 61
9 46 60
9 47 58
9 48 56
9 49 55
9 50 53
9 51 52
9 52 50
9 53 49
9 54 47
9 55 45
9 56 44
9 57 42
9 58 41
9 59 39
9 60 37
10 1 135
10 2 133
10 3 132
10 4 130
10 5 128
10 6 127
10 7 125
10 8 124
10 9 122
10 10 120
10 11 118
10 12 117
10 13 115
10 14 113
10 15 112
10 16 110
10 17 108
10 18 107
10 19 105
10 20 103
10 21 102
10 22 100
10 23 98
10 24 96
10 25 95
10 26 93
10 27 91
10 28 90
10 29 88
10 30 86
10 31 84
10 32 83
10 33 81
10 34 79
10 35 78
10 36 76
10 37 74
10 38 73
10 39 71
10 40 69
10 41 68
10 42 66
10 43 64
10 44 63
10 45 61
10 46 60
10 47 58
10 48 56
10 49 55
10 50 53
10 51 52
10 52 50
10 53 48
10 54 47
10 55 45
10 56 44
10 57 42
10 58 40
10 59 39
10 60 37
11 1 136
11 2 134
11 3 132
11 4 130
11 5 129
11 6 127
11 7 126
11 8 124
11 9 122
11 10 121
11 11 119
11 12 117
11 13 115
11 14 114
11 15 112
11 16 110
11 17 109
11 18 107
11 19 105
11 20 104
11 21 102
11 22 100
11 23 98
11 24 97
11 25 95
11 26 93
11 27 92
11 28 90
11 29 88
11 30 87
11 31 85
11 32 83
11 33 81
11 34 80
11 35 78
11 36 76
11 37 75
11 38 73
11 39 71
11 40 70
11 41 68
11 42 66
11 43 65
11 44 63
11 45 61
11 46 60
11 47 58
11 48 56
11 49 55
11 50 53
11 51 52
11 52 50
11 53 48
11 54 47
11 55 45
11 56 44
11 57 42
11 58 40
11 59 39
11 60 37
12 1 136
12 2 134
12 3 132
12 4 131
12 5 129
12 6 127
12 7 126
12 8 124
12 9 122
12 10 121
12 11 119
12 12 117
12 13 115
12 14 114
12 15 112
12 16 110
12 17 109
12 18 107
12 19 105
12 20 104
12 21 102
12 22 100
12 23 98
12 24 97
12 25 95
12 26 93
12 27 92
12 28 90
12 29 88
12 30 86
12 31 85
12 32 83
12 33 81
12 34 80
12 35 78
12 36 76
12 37 75
12 38 73
12 39 71
12 40 70
12 41 68
12 42 66
12 43 64
12 44 63
12 45 61
12 46 59
12 47 58
12 48 56
12 49 54
12 50 53
12 51 51
12 52 49
12 53 48
12 54 46
12 55 44
12 56 43
12 57 41
12 58 39
12 59 38
12 60 36
13 1 136
13 2 134
13 3 132
13 4 131
13 5 129
13 6 127
13 7 125
13 8 124
13 9 122
13 10 120
13 11 119
13 12 117
13 13 115
13 14 113
13 15 112
13 16 110
13 17 108
13 18 107
13 19 105
13 20 103
13 21 102
13 22 100
13 23 98
13 24 96
13 25 95
13 26 93
13 27 91
13 28 90
13 29 88
13 30 86
13 31 85
13 32 83
13 33 81
13 34 79
13 35 78
13 36 76
13 37 74
13 38 73
13 39 71
13 40 69
13 41 67
13 42 66
13 43 64
13 44 62
13 45 60
13 46 59
13 47 57
13 48 55
13 49 54
13 50 52
13 51 50
13 52 48
13 53 47
13 54 45
13 55 43
13 56 41
13 57 40
13 58 38
13 59 36
13 60 35
14 1 134
14 2 133
14 3 131
14 4 129
14 5 128
14 6 126
14 7 125
14 8 123
14 9 121
14 10 120
14 11 118
14 12 116
14 13 115
14 14 113
14 15 111
14 16 109
14 17 108
14 18 106
14 19 104
14 20 103
14 21 101
14 22 99
14 23 97
14 24 95
14 25 94
14 26 92
14 27 90
14 28 89
14 29 87
14 30 85
14 31 83
14 32 82
14 33 80
14 34 78
14 35 77
14 36 75
14 37 73
14 38 72
14 39 70
14 40 68
14 41 67
14 42 65
14 43 63
14 44 62
14 45 60
14 46 58
14 47 57
14 48 55
14 49 54
14 50 52
14 51 51
14 52 49
14 53 48
14 54 46
14 55 44
14 56 43
14 57 41
14 58 39
14 59 37
14 60 36
15 1 135
15 2 134
15 3 132
15 4 130
15 5 129
15 6 127
15 7 125
15 8 124
15 9 122
15 10 121
15 11 119
15 12 117
15 13 115
15 14 114
15 15 112
15 16 110
15 17 109
15 18 107
15 19 105
15 20 104
15 21 102
15 22 100
15 23 98
15 24 96
15 25 95
15 26 93
15 27 91
15 28 90
15 29 88
15 30 86
15 31 85
15 32 83
15 33 81
15 34 79
15 35 78
15 36 76
15 37 74
15 38 73
15 39 71
15 40 70
15 41 68
15 42 66
15 43 65
15 44 63
15 45 61
15 46 60
15 47 58
15 48 56
15 49 55
15 50 53
15 51 52
15 52 50
15 53 49
15 54 47
15 55 46
15 56 44
15 57 43
15 58 41
15 59 39
15 60 37
16 1 135
16 2 133
16 3 131
16 4 130
16 5 128
16 6 127
16 7 125
16 8 123
16 9 122
16 10 120
16 11 118
16 12 117
16 13 115
16 14 113
16 15 111
16 16 110
16 17 108
16 18 106
16 19 105
16 20 103
16 21 101
16 22 100
16 23 98
16 24 96
16 25 94
16 26 93
16 27 91
16 28 89
16 29 88
16 30 86
16 31 84
16 32 82
16 33 81
16 34 79
16 35 77
16 36 76
16 37 74
16 38 72
16 39 71
16 40 69
16 41 68
16 42 66
16 43 64
16 44 63
16 45 61
16 46 59
16 47 58
16 48 56
16 49 55
16 50 53
16 51 51
16 52 50
16 53 48
16 54 47
16 55 45
16 56 44
16 57 42
16 58 40
16 59 39
16 60 37
17 1 135
17 2 134
17 3 132
17 4 130
17 5 129
17 6 127
17 7 125
17 8 124
17 9 122
17 10 120
17 11 119
17 12 117
17 13 115
17 14 114
17 15 112
17 16 110
17 17 108
17 18 107
17 19 105
17 20 103
17 21 102
17 22 100
17 23 98
17 24 97
17 25 95
17 26 93
17 27 91
17 28 90
17 29 88
17 30 86
17 31 85
17 32 83
17 33 81
17 34 79
17 35 78
17 36 76
17 37 75
17 38 73
17 39 71
17 40 70
17 41 68
17 42 66
17 43 65
17 44 63
17 45 61
17 46 60
17 47 58
17 48 57
17 49 55
17 50 53
17 51 52
17 52 50
17 53 49
17 54 47
17 55 45
17 56 44
17 57 42
17 58 41
17 59 39
17 60 37
18 1 136
18 2 134
18 3 132
18 4 130
18 5 129
18 6 127
18 7 125
18 8 124
18 9 122
18 10 120
18 11 119
18 12 117
18 13 115
18 14 114
18 15 112
18 16 110
18 17 109
18 18 107
18 19 105
18 20 103
18 21 102
18 22 100
18 23 98
18 24 97
18 25 95
18 26 93
18 27 92
18 28 90
18 29 88
18 30 86
18 31 85
18 32 83
18 33 81
18 34 80
18 35 78
18 36 76
18 37 75
18 38 73
18 39 71
18 40 70
18 41 68
18 42 66
18 43 65
18 44 63
18 45 61
18 46 60
18 47 58
18 48 56
18 49 55
18 50 53
18 51 52
18 52 50
18 53 48
18 54 47
18 55 45
18 56 43
18 57 42
18 58 40
18 59 39
18 60 37
19 1 136
19 2 134
19 3 132
19 4 131
19 5 129
19 6 127
19 7 126
19 8 124
19 9 122
19 10 120
19 11 119
19 12 117
19 13 115
19 14 114
19 15 112
19 16 110
19 17 109
19 18 107
19 19 105
19 20 103
19 21 102
19 22 100
19 23 98
19 24 97
19 25 95
19 26 93
19 27 91
19 28 90
19 29 88
19 30 86
19 31 85
19 32 83
19 33 81
19 34 80
19 35 78
19 36 76
19 37 74
19 38 73
19 39 71
19 40 69
19 41 68
19 42 66
19 43 64
19 44 63
19 45 61
19 46 59
19 47 57
19 48 56
19 49 54
19 50 52
19 51 51
19 52 49
19 53 47
19 54 46
19 55 44
19 56 42
19 57 40
19 58 39
19 59 37
19 60 35
20 1 136
20 2 134
20 3 133
20 4 131
20 5 129
20 6 128
20 7 126
20 8 124
20 9 122
20 10 121
20 11 119
20 12 117
20 13 116
20 14 114
20 15 112
20 16 110
20 17 109
20 18 107
20 19 105
20 20 104
20 21 102
20 22 100
20 23 98
20 24 97
20 25 95
20 26 93
20 27 92
20 28 90
20 29 88
20 30 87
20 31 85
20 32 83
20 33 81
20 34 80
20 35 78
20 36 76
20 37 75
20 38 73
20 39 71
20 40 69
20 41 68
20 42 66
20 43 64
20 44 62
20 45 61
20 46 59
20 47 57
20 48 56
20 49 54
20 50 52
20 51 50
20 52 49
20 53 47
20 54 45
20 55 43
20 56 42
20 57 40
20 58 38
20 59 36
20 60 35
21 1 138
21 2 136
21 3 135
21 4 133
21 5 131
21 6 130
21 7 128
21 8 126
21 9 124
21 10 122
21 11 121
21 12 119
21 13 117
21 14 116
21 15 114
21 16 112
21 17 111
21 18 109
21 19 107
21 20 105
21 21 104
21 22 102
21 23 100
21 24 99
21 25 97
21 26 95
21 27 94
21 28 92
21 29 90
21 30 88
21 31 87
21 32 85
21 33 83
21 34 82
21 35 80
21 36 78
21 37 76
21 38 75
21 39 73
21 40 71
21 41 69
21 42 68
21 43 66
21 44 64
21 45 62
21 46 60
21 47 59
21 48 57
21 49 55
21 50 54
21 51 52
21 52 50
21 53 48
21 54 46
21 55 45
21 56 43
21 57 41
21 58 39
21 59 38
21 60 36
22 1 134
22 2 132
22 3 131
22 4 129
22 5 128
22 6 126
22 7 125
22 8 123
22 9 121
22 10 120
22 11 118
22 12 116
22 13 114
22 14 113
22 15 111
22 16 109
22 17 108
22 18 106
22 19 104
22 20 103
22 21 101
22 22 99
22 23 97
22 24 95
22 25 94
22 26 92
22 27 90
22 28 89
22 29 87
22 30 85
22 31 83
22 32 81
22 33 80
22 34 78
22 35 76
22 36 75
22 37 73
22 38 72
22 39 70
22 40 68
22 41 67
22 42 65
22 43 63
22 44 62
22 45 60
22 46 58
22 47 57
22 48 55
22 49 54
22 50 52
22 51 51
22 52 49
22 53 47
22 54 46
22 55 44
22 56 43
22 57 41
22 58 39
22 59 37
22 60 36
23 1 135
23 2 133
23 3 131
23 4 130
23 5 128
23 6 127
23 7 125
23 8 124
23 9 122
23 10 120
23 11 119
23 12 117
23 13 115
23 14 113
23 15 112
23 16 110
23 17 108
23 18 107
23 19 105
23 20 103
23 21 102
23 22 100
23 23 98
23 24 96
23 25 94
23 26 93
23 27 91
23 28 89
23 29 88
23 30 86
23 31 84
23 32 82
23 33 81
23 34 79
23 35 77
23 36 76
23 37 74
23 38 72
23 39 71
23 40 69
23 41 68
23 42 66
23 43 64
23 44 63
23 45 61
23 46 59
23 47 58
23 48 56
23 49 55
23 50 53
23 51 52
23 52 50
23 53 48
23 54 47
23 55 45
23 56 44
23 57 42
23 58 40
23 59 39
23 60 37
24 1 135
24 2 134
24 3 132
24 4 130
24 5 129
24 6 127
24 7 125
24 8 124
24 9 122
24 10 120
24 11 119
24 12 117
24 13 115
24 14 114
24 15 112
24 16 110
24 17 108
24 18 107
24 19 105
24 20 103
24 21 102
24 22 100
24 23 98
24 24 96
24 25 95
24 26 93
24 27 91
24 28 90
24 29 88
24 30 86
24 31 85
24 32 83
24 33 81
24 34 79
24 35 78
24 36 76
24 37 74
24 38 73
24 39 71
24 40 70
24 41 68
24 42 66
24 43 65
24 44 63
24 45 61
24 46 60
24 47 58
24 48 56
24 49 55
24 50 53
24 51 52
24 52 50
24 53 49
24 54 47
24 55 46
24 56 44
24 57 42
24 58 41
24 59 39
24 60 37
25 1 136
25 2 134
25 3 132
25 4 131
25 5 129
25 6 127
25 7 126
25 8 124
25 9 122
25 10 121
25 11 119
25 12 117
25 13 116
25 14 114
25 15 112
25 16 110
25 17 109
25 18 107
25 19 105
25 20 104
25 21 102
25 22 100
25 23 99
25 24 97
25 25 95
25 26 93
25 27 92
25 28 90
25 29 88
25 30 87
25 31 85
25 32 83
25 33 81
25 34 80
25 35 78
25 36 76
25 37 75
25 38 73
25 39 71
25 40 70
25 41 68
25 42 67
25 43 65
25 44 63
25 45 62
25 46 60
25 47 58
25 48 57
25 49 55
25 50 54
25 51 52
25 52 51
25 53 49
25 54 47
25 55 46
25 56 44
25 57 43
25 58 41
25 59 39
25 60 38
26 1 135
26 2 134
26 3 132
26 4 130
26 5 129
26 6 127
26 7 125
26 8 124
26 9 122
26 10 120
26 11 119
26 12 117
26 13 115
26 14 113
26 15 112
26 16 110
26 17 108
26 18 107
26 19 105
26 20 103
26 21 102
26 22 100
26 23 98
26 24 96
26 25 95
26 26 93
26 27 91
26 28 90
26 29 88
26 30 86
26 31 85
26 32 83
26 33 81
26 34 79
26 35 78
26 36 76
26 37 74
26 38 73
26 39 71
26 40 69
26 41 68
26 42 66
26 43 64
26 44 63
26 45 61
26 46 59
26 47 58
26 48 56
26 49 55
26 50 53
26 51 51
26 52 50
26 53 48
26 54 46
26 55 45
26 56 43
26 57 41
26 58 40
26 59 38
26 60 37
27 1 135
27 2 134
27 3 132
27 4 130
27 5 129
27 6 127
27 7 125
27 8 123
27 9 122
27 10 120
27 11 118
27 12 117
27 13 115
27 14 113
27 15 112
27 16 110
27 17 108
27 18 106
27 19 105
27 20 103
27 21 101
27 22 100
27 23 98
27 24 96
27 25 95
27 26 93
27 27 91
27 28 89
27 29 88
27 30 86
27 31 84
27 32 83
27 33 81
27 34 79
27 35 78
27 36 76
27 37 74
27 38 72
27 39 71
27 40 69
27 41 67
27 42 66
27 43 64
27 44 62
27 45 61
27 46 59
27 47 57
27 48 55
27 49 54
27 50 52
27 51 50
27 52 49
27 53 47
27 54 45
27 55 44
27 56 42
27 57 40
27 58 38
27 59 37
27 60 35
28 1 136
28 2 134
28 3 133
28 4 131
28 5 129
28 6 128
28 7 126
28 8 124
28 9 122
28 10 121
28 11 119
28 12 117
28 13 115
28 14 114
28 15 112
28 16 110
28 17 109
28 18 107
28 19 105
28 20 104
28 21 102
28 22 100
28 23 98
28 24 97
28 25 95
28 26 93
28 27 92
28 28 90
28 29 88
28 30 86
28 31 85
28 32 83
28 33 81
28 34 80
28 35 78
28 36 76
28 37 75
28 38 73
28 39 71
28 40 69
28 41 68
28 42 66
28 43 64
28 44 62
28 45 61
28 46 59
28 47 57
28 48 55
28 49 54
28 50 52
28 51 50
28 52 48
28 53 47
28 54 45
28 55 43
28 56 41
28 57 40
28 58 38
28 59 36
28 60 35
29 1 136
29 2 135
29 3 133
29 4 132
29 5 130
29 6 128
29 7 126
29 8 125
29 9 123
29 10 121
29 11 119
29 12 118
29 13 116
29 14 114
29 15 113
29 16 111
29 17 109
29 18 107
29 19 106
29 20 104
29 21 102
29 22 101
29 23 99
29 24 97
29 25 95
29 26 94
29 27 92
29 28 90
29 29 89
29 30 87
29 31 85
29 32 84
29 33 82
29 34 80
29 35 78
29 36 77
29 37 75
29 38 73
29 39 71
29 40 70
29 41 68
29 42 66
29 43 64
29 44 63
29 45 61
29 46 59
29 47 57
29 48 55
29 49 54
29 50 52
29 51 50
29 52 48
29 53 46
29 54 45
29 55 43
29 56 41
29 57 39
29 58 38
29 59 36
29 60 34
30 1 137
30 2 135
30 3 133
30 4 132
30 5 130
30 6 128
30 7 127
30 8 125
30 9 123
30 10 121
30 11 119
30 12 118
30 13 116
30 14 114
30 15 113
30 16 111
30 17 109
30 18 107
30 19 106
30 20 104
30 21 102
30 22 100
30 23 99
30 24 97
30 25 95
30 26 94
30 27 92
30 28 90
30 29 89
30 30 87
30 31 85
30 32 84
30 33 82
30 34 80
30 35 78
30 36 77
30 37 75
30 38 73
30 39 71
30 40 69
30 41 68
30 42 66
30 43 64
30 44 62
30 45 60
30 46 58
30 47 57
30 48 55
30 49 53
30 50 51
30 51 49
30 52 47
30 53 46
30 54 44
30 55 42
30 56 40
30 57 38
30 58 37
30 59 35
30 60 33
31 1 134
31 2 133
31 3 131
31 4 129
31 5 128
31 6 126
31 7 125
31 8 123
31 9 122
31 10 120
31 11 118
31 12 117
31 13 115
31 14 113
31 15 111
31 16 110
31 17 108
31 18 106
31 19 105
31 20 103
31 21 101
31 22 99
31 23 97
31 24 96
31 25 94
31 26 92
31 27 91
31 28 89
31 29 87
31 30 85
31 31 84
31 32 82
31 33 80
31 34 78
31 35 77
31 36 75
31 37 74
31 38 72
31 39 70
31 40 69
31 41 67
31 42 65
31 43 64
31 44 62
31 45 60
31 46 59
31 47 57
31 48 55
31 49 54
31 50 52
31 51 51
31 52 49
31 53 48
31 54 46
31 55 45
31 56 43
31 57 41
31 58 40
31 59 38
31 60 36
32 1 135
32 2 133
32 3 132
32 4 130
32 5 128
32 6 127
32 7 125
32 8 124
32 9 122
32 10 120
32 11 119
32 12 117
32 13 115
32 14 113
32 15 112
32 16 110
32 17 108
32 18 107
32 19 105
32 20 103
32 21 102
32 22 100
32 23 98
32 24 96
32 25 94
32 26 93
32 27 91
32 28 89
32 29 88
32 30 86
32 31 84
32 32 82
32 33 81
32 34 79
32 35 77
32 36 76
32 37 74
32 38 73
32 39 71
32 40 69
32 41 68
32 42 66
32 43 64
32 44 63
32 45 61
32 46 59
32 47 58
32 48 56
32 49 55
32 50 53
32 51 52
32 52 50
32 53 49
32 54 47
32 55 45
32 56 44
32 57 42
32 58 41
32 59 39
32 60 37
33 1 135
33 2 133
33 3 132
33 4 130
33 5 128
33 6 127
33 7 125
33 8 124
33 9 122
33 10 120
33 11 119
33 12 117
33 13 115
33 14 113
33 15 112
33 16 110
33 17 108
33 18 107
33 19 105
33 20 103
33 21 102
33 22 100
33 23 98
33 24 96
33 25 95
33 26 93
33 27 91
33 28 90
33 29 88
33 30 86
33 31 84
33 32 83
33 33 81
33 34 79
33 35 78
33 36 76
33 37 74
33 38 73
33 39 71
33 40 69
33 41 68
33 42 66
33 43 65
33 44 63
33 45 61
33 46 60
33 47 58
33 48 56
33 49 55
33 50 53
33 51 52
33 52 50
33 53 49
33 54 47
33 55 45
33 56 44
33 57 42
33 58 41
33 59 39
33 60 37
34 1 138
34 2 136
34 3 134
34 4 133
34 5 131
34 6 129
34 7 128
34 8 126
34 9 124
34 10 123
34 11 121
34 12 119
34 13 118
34 14 116
34 15 114
34 16 113
34 17 111
34 18 109
34 19 107
34 20 106
34 21 104
34 22 102
34 23 101
34 24 99
34 25 97
34 26 95
34 27 94
34 28 92
34 29 90
34 30 89
34 31 87
34 32 85
34 33 84
34 34 82
34 35 80
34 36 78
34 37 77
34 38 75
34 39 74
34 40 72
34 41 70
34 42 69
34 43 67
34 44 65
34 45 64
34 46 62
34 47 60
34 48 59
34 49 57
34 50 56
34 51 54
34 52 52
34 53 51
34 54 49
34 55 48
34 56 46
34 57 45
34 58 43
34 59 41
34 60 40
35 1 136
35 2 134
35 3 133
35 4 131
35 5 129
35 6 128
35 7 126
35 8 124
35 9 123
35 10 121
35 11 119
35 12 117
35 13 116
35 14 114
35 15 112
35 16 111
35 17 109
35 18 107
35 19 106
35 20 104
35 21 102
35 22 100
35 23 99
35 24 97
35 25 95
35 26 94
35 27 92
35 28 90
35 29 89
35 30 87
35 31 85
35 32 83
35 33 82
35 34 80
35 35 78
35 36 77
35 37 75
35 38 73
35 39 72
35 40 70
35 41 68
35 42 67
35 43 65
35 44 63
35 45 62
35 46 60
35 47 58
35 48 57
35 49 55
35 50 53
35 51 52
35 52 50
35 53 48
35 54 47
35 55 45
35 56 44
35 57 42
35 58 40
35 59 39
35 60 37
36 1 136
36 2 134
36 3 133
36 4 131
36 5 129
36 6 128
36 7 126
36 8 124
36 9 123
36 10 121
36 11 119
36 12 117
36 13 116
36 14 114
36 15 112
36 16 111
36 17 109
36 18 107
36 19 106
36 20 104
36 21 102
36 22 100
36 23 99
36 24 97
36 25 95
36 26 94
36 27 92
36 28 90
36 29 88
36 30 87
36 31 85
36 32 83
36 33 82
36 34 80
36 35 78
36 36 77
36 37 75
36 38 73
36 39 71
36 40 70
36 41 68
36 42 66
36 43 65
36 44 63
36 45 61
36 46 60
36 47 58
36 48 56
36 49 54
36 50 53
36 51 51
36 52 49
36 53 48
36 54 46
36 55 44
36 56 42
36 57 41
36 58 39
36 59 37
36 60 36
37 1 137
37 2 135
37 3 133
37 4 132
37 5 130
37 6 128
37 7 126
37 8 125
37 9 123
37 10 121
37 11 119
37 12 118
37 13 116
37 14 114
37 15 113
37 16 111
37 17 109
37 18 108
37 19 106
37 20 104
37 21 102
37 22 101
37 23 99
37 24 97
37 25 96
37 26 94
37 27 92
37 28 91
37 29 89
37 30 87
37 31 85
37 32 84
37 33 82
37 34 80
37 35 79
37 36 77
37 37 75
37 38 73
37 39 72
37 40 70
37 41 68
37 42 66
37 43 65
37 44 63
37 45 61
37 46 59
37 47 58
37 48 56
37 49 54
37 50 52
37 51 51
37 52 49
37 53 47
37 54 45
37 55 44
37 56 42
37 57 40
37 58 38
37 59 37
37 60 35
38 1 136
38 2 134
38 3 132
38 4 131
38 5 129
38 6 127
38 7 125
38 8 123
38 9 122
38 10 120
38 11 118
38 12 117
38 13 115
38 14 113
38 15 112
38 16 110
38 17 108
38 18 106
38 19 105
38 20 103
38 21 101
38 22 99
38 23 98
38 24 96
38 25 94
38 26 93
38 27 91
38 28 89
38 29 88
38 30 86
38 31 84
38 32 82
38 33 81
38 34 79
38 35 77
38 36 76
38 37 74
38 38 72
38 39 70
38 40 68
38 41 67
38 42 65
38 43 63
38 44 61
38 45 59
38 46 58
38 47 56
38 48 54
38 49 52
38 50 51
38 51 49
38 52 47
38 53 45
38 54 43
38 55 42
38 56 40
38 57 38
38 58 36
38 59 35
38 60 33
39 1 137
39 2 135
39 3 133
39 4 132
39 5 130
39 6 128
39 7 126
39 8 125
39 9 123
39 10 121
39 11 119
39 12 118
39 13 116
39 14 114
39 15 113
39 16 111
39 17 109
39 18 107
39 19 106
39 20 104
39 21 102
39 22 100
39 23 99
39 24 97
39 25 95
39 26 94
39 27 92
39 28 90
39 29 89
39 30 87
39 31 85
39 32 84
39 33 82
39 34 80
39 35 78
39 36 77
39 37 75
39 38 73
39 39 71
39 40 69
39 41 68
39 42 66
39 43 64
39 44 62
39 45 60
39 46 58
39 47 57
39 48 55
39 49 53
39 50 51
39 51 49
39 52 48
39 53 46
39 54 44
39 55 42
39 56 40
39 57 38
39 58 37
39 59 35
39 60 33
40 1 137
40 2 135
40 3 134
40 4 132
40 5 130
40 6 129
40 7 127
40 8 125
40 9 123
40 10 121
40 11 120
40 12 118
40 13 116
40 14 114
40 15 113
40 16 111
40 17 109
40 18 108
40 19 106
40 20 104
40 21 102
40 22 100
40 23 99
40 24 97
40 25 96
40 26 94
40 27 92
40 28 90
40 29 89
40 30 87
40 31 85
40 32 84
40 33 82
40 34 80
40 35 79
40 36 77
40 37 75
40 38 73
40 39 71
40 40 69
40 41 68
40 42 66
40 43 64
40 44 62
40 45 60
40 46 58
40 47 56
40 48 54
40 49 53
40 50 51
40 51 49
40 52 47
40 53 45
40 54 43
40 55 41
40 56 39
40 57 38
40 58 36
40 59 34
40 60 32
41 1 135
41 2 133
41 3 132
41 4 130
41 5 128
41 6 127
41 7 125
41 8 124
41 9 122
41 10 120
41 11 119
41 12 117
41 13 115
41 14 114
41 15 112
41 16 110
41 17 108
41 18 107
41 19 105
41 20 104
41 21 102
41 22 100
41 23 98
41 24 96
41 25 95
41 26 93
41 27 91
41 28 90
41 29 88
41 30 86
41 31 85
41 32 83
41 33 81
41 34 79
41 35 78
41 36 76
41 37 74
41 38 73
41 39 71
41 40 69
41 41 68
41 42 66
41 43 65
41 44 63
41 45 61
41 46 60
41 47 58
41 48 56
41 49 55
41 50 53
41 51 52
41 52 50
41 53 49
41 54 47
41 55 46
41 56 44
41 57 42
41 58 41
41 59 39
41 60 37
42 1 135
42 2 134
42 3 132
42 4 130
42 5 129
42 6 127
42 7 126
42 8 124
42 9 122
42 10 120
42 11 119
42 12 117
42 13 115
42 14 114
42 15 112
42 16 110
42 17 109
42 18 107
42 19 105
42 20 104
42 21 102
42 22 100
42 23 98
42 24 97
42 25 95
42 26 93
42 27 91
42 28 90
42 29 88
42 30 86
42 31 85
42 32 83
42 33 81
42 34 79
42 35 78
42 36 76
42 37 75
42 38 73
42 39 71
42 40 70
42 41 68
42 42 66
42 43 65
42 44 63
42 45 61
42 46 60
42 47 58
42 48 57
42 49 55
42 50 53
42 51 52
42 52 50
42 53 49
42 54 47
42 55 46
42 56 44
42 57 42
42 58 41
42 59 39
42 60 37
43 1 136
43 2 134
43 3 132
43 4 131
43 5 129
43 6 127
43 7 126
43 8 124
43 9 122
43 10 121
43 11 119
43 12 117
43 13 116
43 14 114
43 15 112
43 16 110
43 17 109
43 18 107
43 19 105
43 20 104
43 21 102
43 22 100
43 23 99
43 24 97
43 25 95
43 26 93
43 27 92
43 28 90
43 29 88
43 30 87
43 31 85
43 32 83
43 33 82
43 34 80
43 35 78
43 36 77
43 37 75
43 38 73
43 39 72
43 40 70
43 41 68
43 42 67
43 43 65
43 44 63
43 45 62
43 46 60
43 47 58
43 48 57
43 49 55
43 50 54
43 51 52
43 52 51
43 53 49
43 54 47
43 55 46
43 56 44
43 57 43
43 58 41
43 59 39
43 60 38
44 1 136
44 2 134
44 3 132
44 4 131
44 5 129
44 6 127
44 7 126
44 8 124
44 9 122
44 10 121
44 11 119
44 12 117
44 13 116
44 14 114
44 15 112
44 16 110
44 17 109
44 18 107
44 19 105
44 20 104
44 21 102
44 22 100
44 23 99
44 24 97
44 25 95
44 26 93
44 27 92
44 28 90
44 29 88
44 30 87
44 31 85
44 32 83
44 33 82
44 34 80
44 35 78
44 36 76
44 37 75
44 38 73
44 39 71
44 40 70
44 41 68
44 42 66
44 43 65
44 44 63
44 45 61
44 46 60
44 47 58
44 48 56
44 49 55
44 50 53
44 51 51
44 52 50
44 53 48
44 54 47
44 55 45
44 56 43
44 57 42
44 58 40
44 59 38
44 60 37
45 1 136
45 2 134
45 3 132
45 4 131
45 5 129
45 6 127
45 7 125
45 8 124
45 9 122
45 10 120
45 11 119
45 12 117
45 13 115
45 14 114
45 15 112
45 16 110
45 17 108
45 18 107
45 19 105
45 20 103
45 21 102
45 22 100
45 23 98
45 24 96
45 25 95
45 26 93
45 27 91
45 28 90
45 29 88
45 30 86
45 31 85
45 32 83
45 33 81
45 34 79
45 35 78
45 36 76
45 37 74
45 38 73
45 39 71
45 40 69
45 41 68
45 42 66
45 43 64
45 44 62
45 45 61
45 46 59
45 47 57
45 48 56
45 49 54
45 50 52
45 51 50
45 52 49
45 53 47
45 54 45
45 55 44
45 56 42
45 57 40
45 58 38
45 59 37
45 60 35
46 1 136
46 2 135
46 3 133
46 4 131
46 5 130
46 6 128
46 7 126
46 8 124
46 9 123
46 10 121
46 11 119
46 12 118
46 13 116
46 14 114
46 15 112
46 16 111
46 17 109
46 18 107
46 19 106
46 20 104
46 21 102
46 22 100
46 23 99
46 24 97
46 25 95
46 26 94
46 27 92
46 28 90
46 29 89
46 30 87
46 31 85
46 32 83
46 33 82
46 34 80
46 35 78
46 36 77
46 37 75
46 38 73
46 39 71
46 40 70
46 41 68
46 42 66
46 43 64
46 44 63
46 45 61
46 46 59
46 47 57
46 48 56
46 49 54
46 50 52
46 51 50
46 52 49
46 53 47
46 54 45
46 55 43
46 56 42
46 57 40
46 58 38
46 59 36
46 60 35
47 1 137
47 2 135
47 3 133
47 4 132
47 5 130
47 6 128
47 7 126
47 8 125
47 9 123
47 10 121
47 11 119
47 12 118
47 13 116
47 14 114
47 15 113
47 16 111
47 17 109
47 18 107
47 19 106
47 20 104
47 21 102
47 22 100
47 23 99
47 24 97
47 25 95
47 26 94
47 27 92
47 28 90
47 29 89
47 30 87
47 31 85
47 32 84
47 33 82
47 34 80
47 35 78
47 36 77
47 37 75
47 38 73
47 39 71
47 40 70
47 41 68
47 42 66
47 43 64
47 44 62
47 45 60
47 46 59
47 47 57
47 48 55
47 49 53
47 50 52
47 51 50
47 52 48
47 53 46
47 54 44
47 55 43
47 56 41
47 57 39
47 58 37
47 59 36
47 60 34
48 1 137
48 2 135
48 3 133
48 4 132
48 5 130
48 6 128
48 7 126
48 8 125
48 9 123
48 10 121
48 11 119
48 12 118
48 13 116
48 14 114
48 15 113
48 16 111
48 17 109
48 18 107
48 19 106
48 20 104
48 21 102
48 22 100
48 23 99
48 24 97
48 25 95
48 26 94
48 27 92
48 28 90
48 29 89
48 30 87
48 31 85
48 32 83
48 33 82
48 34 80
48 35 78
48 36 77
48 37 75
48 38 73
48 39 71
48 40 69
48 41 68
48 42 66
48 43 64
48 44 62
48 45 60
48 46 58
48 47 56
48 48 55
48 49 53
48 50 51
48 51 49
48 52 47
48 53 45
48 54 44
48 55 42
48 56 40
48 57 38
48 58 36
48 59 35
48 60 33
49 1 137
49 2 135
49 3 134
49 4 132
49 5 131
49 6 129
49 7 127
49 8 125
49 9 123
49 10 121
49 11 120
49 12 118
49 13 116
49 14 115
49 15 113
49 16 111
49 17 109
49 18 108
49 19 106
49 20 104
49 21 102
49 22 101
49 23 99
49 24 97
49 25 96
49 26 94
49 27 92
49 28 91
49 29 89
49 30 87
49 31 85
49 32 84
49 33 82
49 34 80
49 35 79
49 36 77
49 37 75
49 38 73
49 39 71
49 40 70
49 41 68
49 42 66
49 43 64
49 44 62
49 45 60
49 46 58
49 47 56
49 48 55
49 49 53
49 50 51
49 51 49
49 52 47
49 53 45
49 54 43
49 55 41
49 56 40
49 57 38
49 58 36
49 59 34
49 60 32
50 1 136
50 2 135
50 3 133
50 4 132
50 5 130
50 6 128
50 7 126
50 8 124
50 9 122
50 10 121
50 11 119
50 12 117
50 13 116
50 14 114
50 15 112
50 16 111
50 17 109
50 18 107
50 19 105
50 20 103
50 21 102
50 22 100
50 23 98
50 24 97
50 25 95
50 26 93
50 27 92
50 28 90
50 29 88
50 30 86
50 31 85
50 32 83
50 33 81
50 34 80
50 35 78
50 36 76
50 37 74
50 38 72
50 39 70
50 40 69
50 41 67
50 42 65
50 43 63
50 44 61
50 45 59
50 46 57
50 47 55
50 48 53
50 49 52
50 50 50
50 51 48
50 52 46
50 53 44
50 54 42
50 55 40
50 56 38
50 57 36
50 58 34
50 59 33
50 60 31
51 1 135
51 2 134
51 3 132
51 4 130
51 5 129
51 6 127
51 7 126
51 8 124
51 9 122
51 10 121
51 11 119
51 12 117
51 13 115
51 14 114
51 15 112
51 16 110
51 17 109
51 18 107
51 19 105
51 20 104
51 21 102
51 22 100
51 23 98
51 24 97
51 25 95
51 26 93
51 27 92
51 28 90
51 29 88
51 30 86
51 31 85
51 32 83
51 33 81
51 34 80
51 35 78
51 36 76
51 37 75
51 38 73
51 39 71
51 40 70
51 41 68
51 42 66
51 43 65
51 44 63
51 45 62
51 46 60
51 47 58
51 48 57
51 49 55
51 50 53
51 51 52
51 52 50
51 53 49
51 54 47
51 55 46
51 56 44
51 57 42
51 58 41
51 59 39
51 60 38
52 1 135
52 2 134
52 3 132
52 4 130
52 5 129
52 6 127
52 7 125
52 8 124
52 9 122
52 10 120
52 11 119
52 12 117
52 13 115
52 14 113
52 15 112
52 16 110
52 17 108
52 18 107
52 19 105
52 20 103
52 21 102
52 22 100
52 23 98
52 24 96
52 25 95
52 26 93
52 27 91
52 28 90
52 29 88
52 30 86
52 31 85
52 32 83
52 33 81
52 34 79
52 35 78
52 36 76
52 37 74
52 38 73
52 39 71
52 40 70
52 41 68
52 42 66
52 43 65
52 44 63
52 45 61
52 46 60
52 47 58
52 48 56
52 49 55
52 50 53
52 51 52
52 52 50
52 53 49
52 54 47
52 55 45
52 56 44
52 57 42
52 58 41
52 59 39
52 60 37
53 1 136
53 2 134
53 3 132
53 4 131
53 5 129
53 6 127
53 7 126
53 8 124
53 9 122
53 10 121
53 11 119
53 12 117
53 13 116
53 14 114
53 15 112
53 16 110
53 17 109
53 18 107
53 19 105
53 20 104
53 21 102
53 22 100
53 23 99
53 24 97
53 25 95
53 26 93
53 27 92
53 28 90
53 29 88
53 30 87
53 31 85
53 32 83
53 33 81
53 34 80
53 35 78
53 36 76
53 37 75
53 38 73
53 39 71
53 40 70
53 41 68
53 42 66
53 43 65
53 44 63
53 45 61
53 46 60
53 47 58
53 48 56
53 49 55
53 50 53
53 51 51
53 52 50
53 53 48
53 54 46
53 55 45
53 56 43
53 57 41
53 58 40
53 59 38
53 60 36
54 1 136
54 2 134
54 3 133
54 4 131
54 5 129
54 6 128
54 7 126
54 8 124
54 9 122
54 10 121
54 11 119
54 12 117
54 13 116
54 14 114
54 15 112
54 16 111
54 17 109
54 18 107
54 19 105
54 20 104
54 21 102
54 22 100
54 23 99
54 24 97
54 25 95
54 26 94
54 27 92
54 28 90
54 29 88
54 30 87
54 31 85
54 32 83
54 33 82
54 34 80
54 35 78
54 36 77
54 37 75
54 38 73
54 39 71
54 40 70
54 41 68
54 42 66
54 43 65
54 44 63
54 45 61
54 46 59
54 47 58
54 48 56
54 49 54
54 50 53
54 51 51
54 52 49
54 53 47
54 54 46
54 55 44
54 56 42
54 57 41
54 58 39
54 59 37
54 60 35
55 1 136
55 2 135
55 3 133
55 4 131
55 5 130
55 6 128
55 7 126
55 8 124
55 9 123
55 10 121
55 11 119
55 12 118
55 13 116
55 14 114
55 15 113
55 16 111
55 17 109
55 18 107
55 19 106
55 20 104
55 21 102
55 22 100
55 23 99
55 24 97
55 25 95
55 26 94
55 27 92
55 28 90
55 29 89
55 30 87
55 31 85
55 32 84
55 33 82
55 34 80
55 35 78
55 36 77
55 37 75
55 38 73
55 39 71
55 40 70
55 41 68
55 42 66
55 43 64
55 44 63
55 45 61
55 46 59
55 47 57
55 48 56
55 49 54
55 50 52
55 51 50
55 52 49
55 53 47
55 54 45
55 55 43
55 56 42
55 57 40
55 58 38
55 59 36
55 60 35
56 1 137
56 2 135
56 3 133
56 4 132
56 5 130
56 6 128
56 7 126
56 8 125
56 9 123
56 10 121
56 11 119
56 12 118
56 13 116
56 14 114
56 15 113
56 16 111
56 17 109
56 18 107
56 19 106
56 20 104
56 21 102
56 22 101
56 23 99
56 24 97
56 25 96
56 26 94
56 27 92
56 28 90
56 29 89
56 30 87
56 31 85
56 32 84
56 33 82
56 34 80
56 35 79
56 36 77
56 37 75
56 38 73
56 39 71
56 40 70
56 41 68
56 42 66
56 43 64
56 44 62
56 45 61
56 46 59
56 47 57
56 48 55
56 49 53
56 50 52
56 51 50
56 52 48
56 53 46
56 54 44
56 55 43
56 56 41
56 57 39
56 58 37
56 59 36
56 60 34
57 1 137
57 2 135
57 3 134
57 4 132
57 5 130
57 6 129
57 7 127
57 8 125
57 9 123
57 10 121
57 11 120
57 12 118
57 13 116
57 14 115
57 15 113
57 16 111
57 17 109
57 18 108
57 19 106
57 20 104
57 21 102
57 22 101
57 23 99
57 24 97
57 25 96
57 26 94
57 27 92
57 28 91
57 29 89
57 30 87
57 31 85
57 32 84
57 33 82
57 34 80
57 35 79
57 36 77
57 37 75
57 38 73
57 39 71
57 40 70
57 41 68
57 42 66
57 43 64
57 44 62
57 45 60
57 46 59
57 47 57
57 48 55
57 49 53
57 50 51
57 51 50
57 52 48
57 53 46
57 54 44
57 55 42
57 56 40
57 57 39
57 58 37
57 59 35
57 60 33
58 1 137
58 2 135
58 3 133
58 4 132
58 5 130
58 6 128
58 7 126
58 8 124
58 9 123
58 10 121
58 11 119
58 12 117
58 13 116
58 14 114
58 15 112
58 16 111
58 17 109
58 18 107
58 19 105
58 20 104
58 21 102
58 22 100
58 23 98
58 24 97
58 25 95
58 26 94
58 27 92
58 28 90
58 29 88
58 30 87
58 31 85
58 32 83
58 33 82
58 34 80
58 35 78
58 36 76
58 37 74
58 38 73
58 39 71
58 40 69
58 41 67
58 42 65
58 43 63
58 44 61
58 45 59
58 46 57
58 47 56
58 48 54
58 49 52
58 50 50
58 51 48
58 52 46
58 53 44
58 54 43
58 55 41
58 56 39
58 57 37
58 58 35
58 59 33
58 60 32
59 1 138
59 2 136
59 3 134
59 4 133
59 5 131
59 6 130
59 7 128
59 8 126
59 9 124
59 10 122
59 11 120
59 12 118
59 13 117
59 14 115
59 15 113
59 16 112
59 17 110
59 18 108
59 19 107
59 20 105
59 21 103
59 22 101
59 23 99
59 24 98
59 25 96
59 26 95
59 27 93
59 28 91
59 29 89
59 30 88
59 31 86
59 32 84
59 33 83
59 34 81
59 35 79
59 36 78
59 37 76
59 38 74
59 39 72
59 40 70
59 41 68
59 42 66
59 43 64
59 44 62
59 45 60
59 46 58
59 47 56
59 48 55
59 49 53
59 50 51
59 51 49
59 52 47
59 53 45
59 54 43
59 55 41
59 56 39
59 57 37
59 58 36
59 59 34
59 60 32
60 1 136
60 2 134
60 3 132
60 4 131
60 5 129
60 6 127
60 7 126
60 8 124
60 9 122
60 10 121
60 11 119
60 12 117
60 13 116
60 14 114
60 15 112
60 16 110
60 17 109
60 18 107
60 19 105
60 20 104
60 21 102
60 22 100
60 23 99
60 24 97
60 25 95
60 26 93
60 27 92
60 28 90
60 29 88
60 30 87
60 31 85
60 32 83
60 33 81
60 34 80
60 35 78
60 36 76
60 37 75
60 38 73
60 39 72
60 40 70
60 41 68
60 42 67
60 43 65
60 44 63
60 45 62
60 46 60
60 47 58
60 48 57
60 49 55
60 50 54
60 51 52
60 52 50
60 53 49
60 54 47
60 55 46
60 56 44
60 57 42
60 58 41
60 59 39
60 60 37
61 1 136
61 2 134
61 3 133
61 4 131
61 5 129
61 6 128
61 7 126
61 8 124
61 9 122
61 10 121
61 11 119
61 12 117
61 13 116
61 14 114
61 15 112
61 16 111
61 17 109
61 18 107
61 19 105
61 20 104
61 21 102
61 22 100
61 23 99
61 24 97
61 25 95
61 26 94
61 27 92
61 28 90
61 29 88
61 30 87
61 31 85
61 32 83
61 33 82
61 34 80
61 35 78
61 36 77
61 37 75
61 38 73
61 39 71
61 40 70
61 41 68
61 42 66
61 43 65
61 44 63
61 45 61
61 46 60
61 47 58
61 48 56
61 49 55
61 50 53
61 51 51
61 52 50
61 53 48
61 54 46
61 55 45
61 56 43
61 57 41
61 58 40
61 59 38
61 60 36
62 1 136
62 2 135
62 3 133
62 4 131
62 5 129
62 6 128
62 7 126
62 8 124
62 9 123
62 10 121
62 11 119
62 12 117
62 13 116
62 14 114
62 15 112
62 16 111
62 17 109
62 18 107
62 19 106
62 20 104
62 21 102
62 22 100
62 23 99
62 24 97
62 25 95
62 26 94
62 27 92
62 28 90
62 29 89
62 30 87
62 31 85
62 32 83
62 33 82
62 34 80
62 35 78
62 36 77
62 37 75
62 38 73
62 39 71
62 40 70
62 41 68
62 42 66
62 43 65
62 44 63
62 45 61
62 46 59
62 47 58
62 48 56
62 49 54
62 50 53
62 51 51
62 52 49
62 53 47
62 54 46
62 55 44
62 56 42
62 57 40
62 58 39
62 59 37
62 60 35
63 1 136
63 2 134
63 3 133
63 4 131
63 5 129
63 6 128
63 7 126
63 8 124
63 9 122
63 10 121
63 11 119
63 12 117
63 13 115
63 14 114
63 15 112
63 16 110
63 17 109
63 18 107
63 19 105
63 20 104
63 21 102
63 22 100
63 23 98
63 24 97
63 25 95
63 26 93
63 27 92
63 28 90
63 29 88
63 30 86
63 31 85
63 32 83
63 33 81
63 34 80
63 35 78
63 36 76
63 37 74
63 38 73
63 39 71
63 40 69
63 41 67
63 42 66
63 43 64
63 44 62
63 45 60
63 46 59
63 47 57
63 48 55
63 49 53
63 50 52
63 51 50
63 52 48
63 53 46
63 54 45
63 55 43
63 56 41
63 57 39
63 58 38
63 59 36
63 60 34
64 1 139
64 2 137
64 3 135
64 4 134
64 5 132
64 6 131
64 7 129
64 8 127
64 9 125
64 10 123
64 11 122
64 12 120
64 13 118
64 14 117
64 15 115
64 16 113
64 17 111
64 18 110
64 19 108
64 20 106
64 21 105
64 22 103
64 23 101
64 24 99
64 25 98
64 26 96
64 27 94
64 28 93
64 29 91
64 30 89
64 31 87
64 32 86
64 33 84
64 34 82
64 35 81
64 36 79
64 37 77
64 38 75
64 39 74
64 40 72
64 41 70
64 42 68
64 43 67
64 44 65
64 45 63
64 46 61
64 47 59
64 48 57
64 49 56
64 50 54
64 51 52
64 52 50
64 53 49
64 54 47
64 55 45
64 56 43
64 57 41
64 58 40
64 59 38
64 60 36
65 1 138
65 2 136
65 3 134
65 4 133
65 5 131
65 6 130
65 7 128
65 8 126
65 9 124
65 10 122
65 11 120
65 12 119
65 13 117
65 14 115
65 15 114
65 16 112
65 17 110
65 18 109
65 19 107
65 20 105
65 21 103
65 22 102
65 23 100
65 24 98
65 25 97
65 26 95
65 27 93
65 28 91
65 29 90
65 30 88
65 31 86
65 32 85
65 33 83
65 34 81
65 35 80
65 36 78
65 37 76
65 38 74
65 39 72
65 40 71
65 41 69
65 42 67
65 43 65
65 44 63
65 45 61
65 46 59
65 47 58
65 48 56
65 49 54
65 50 52
65 51 50
65 52 48
65 53 47
65 54 45
65 55 43
65 56 41
65 57 39
65 58 37
65 59 36
65 60 34
66 1 138
66 2 136
66 3 135
66 4 133
66 5 131
66 6 130
66 7 128
66 8 126
66 9 124
66 10 122
66 11 121
66 12 119
66 13 117
66 14 115
66 15 114
66 16 112
66 17 110
66 18 109
66 19 107
66 20 105
66 21 103
66 22 102
66 23 100
66 24 98
66 25 97
66 26 95
66 27 93
66 28 92
66 29 90
66 30 88
66 31 86
66 32 85
66 33 83
66 34 81
66 35 80
66 36 78
66 37 76
66 38 74
66 39 72
66 40 70
66 41 69
66 42 67
66 43 65
66 44 63
66 45 61
66 46 59
66 47 57
66 48 55
66 49 54
66 50 52
66 51 50
66 52 48
66 53 46
66 54 44
66 55 42
66 56 40
66 57 38
66 58 37
66 59 35
66 60 33
67 1 138
67 2 136
67 3 134
67 4 133
67 5 131
67 6 130
67 7 128
67 8 126
67 9 124
67 10 122
67 11 120
67 12 119
67 13 117
67 14 115
67 15 114
67 16 112
67 17 110
67 18 108
67 19 107
67 20 105
67 21 103
67 22 101
67 23 99
67 24 98
67 25 96
67 26 95
67 27 93
67 28 91
67 29 89
67 30 88
67 31 86
67 32 84
67 33 83
67 34 81
67 35 79
67 36 78
67 37 76
67 38 74
67 39 72
67 40 70
67 41 68
67 42 66
67 43 64
67 44 62
67 45 60
67 46 58
67 47 56
67 48 55
67 49 53
67 50 51
67 51 49
67 52 47
67 53 45
67 54 43
67 55 41
67 56 39
67 57 37
67 58 36
67 59 34
67 60 32
68 1 136
68 2 134
68 3 133
68 4 131
68 5 129
68 6 128
68 7 126
68 8 124
68 9 123
68 10 121
68 11 119
68 12 118
68 13 116
68 14 114
68 15 112
68 16 111
68 17 109
68 18 107
68 19 106
68 20 104
68 21 102
68 22 101
68 23 99
68 24 97
68 25 95
68 26 94
68 27 92
68 28 90
68 29 89
68 30 87
68 31 85
68 32 84
68 33 82
68 34 80
68 35 78
68 36 77
68 37 75
68 38 73
68 39 72
68 40 70
68 41 68
68 42 67
68 43 65
68 44 63
68 45 62
68 46 60
68 47 58
68 48 56
68 49 55
68 50 53
68 51 51
68 52 50
68 53 48
68 54 46
68 55 45
68 56 43
68 57 41
68 58 40
68 59 38
68 60 36
69 1 136
69 2 135
69 3 133
69 4 131
69 5 130
69 6 128
69 7 126
69 8 124
69 9 123
69 10 121
69 11 119
69 12 118
69 13 116
69 14 114
69 15 112
69 16 111
69 17 109
69 18 107
69 19 106
69 20 104
69 21 102
69 22 100
69 23 99
69 24 97
69 25 95
69 26 94
69 27 92
69 28 90
69 29 89
69 30 87
69 31 85
69 32 83
69 33 82
69 34 80
69 35 78
69 36 77
69 37 75
69 38 73
69 39 71
69 40 70
69 41 68
69 42 66
69 43 65
69 44 63
69 45 61
69 46 59
69 47 58
69 48 56
69 49 54
69 50 52
69 51 51
69 52 49
69 53 47
69 54 46
69 55 44
69 56 42
69 57 40
69 58 39
69 59 37
69 60 35
70 1 136
70 2 135
70 3 133
70 4 131
70 5 130
70 6 128
70 7 126
70 8 124
70 9 123
70 10 121
70 11 119
70 12 118
70 13 116
70 14 114
70 15 113
70 16 111
70 17 109
70 18 107
70 19 106
70 20 104
70 21 102
70 22 100
70 23 99
70 24 97
70 25 95
70 26 94
70 27 92
70 28 90
70 29 89
70 30 87
70 31 85
70 32 84
70 33 82
70 34 80
70 35 78
70 36 77
70 37 75
70 38 73
70 39 71
70 40 70
70 41 68
70 42 66
70 43 64
70 44 63
70 45 61
70 46 59
70 47 57
70 48 56
70 49 54
70 50 52
70 51 50
70 52 48
70 53 47
70 54 45
70 55 43
70 56 41
70 57 40
70 58 38
70 59 36
70 60 34
71 1 136
71 2 135
71 3 133
71 4 131
71 5 130
71 6 128
71 7 126
71 8 124
71 9 123
71 10 121
71 11 119
71 12 117
71 13 116
71 14 114
71 15 112
71 16 111
71 17 109
71 18 107
71 19 106
71 20 104
71 21 102
71 22 100
71 23 99
71 24 97
71 25 95
71 26 94
71 27 92
71 28 90
71 29 88
71 30 87
71 31 85
71 32 83
71 33 82
71 34 80
71 35 78
71 36 76
71 37 75
71 38 73
71 39 71
71 40 69
71 41 67
71 42 66
71 43 64
71 44 62
71 45 60
71 46 58
71 47 57
71 48 55
71 49 53
71 50 51
71 51 49
71 52 48
71 53 46
71 54 44
71 55 42
71 56 40
71 57 39
71 58 37
71 59 35
71 60 33
72 1 137
72 2 135
72 3 134
72 4 132
72 5 130
72 6 129
72 7 127
72 8 125
72 9 123
72 10 121
72 11 120
72 12 118
72 13 116
72 14 115
72 15 113
72 16 111
72 17 109
72 18 108
72 19 106
72 20 104
72 21 102
72 22 101
72 23 99
72 24 97
72 25 96
72 26 94
72 27 92
72 28 91
72 29 89
72 30 87
72 31 85
72 32 84
72 33 82
72 34 80
72 35 79
72 36 77
72 37 75
72 38 73
72 39 71
72 40 70
72 41 68
72 42 66
72 43 64
72 44 62
72 45 60
72 46 58
72 47 57
72 48 55
72 49 53
72 50 51
72 51 49
72 52 47
72 53 46
72 54 44
72 55 42
72 56 40
72 57 38
72 58 36
72 59 35
72 60 33
73 1 136
73 2 135
73 3 133
73 4 132
73 5 130
73 6 128
73 7 126
73 8 124
73 9 122
73 10 121
73 11 119
73 12 117
73 13 116
73 14 114
73 15 112
73 16 111
73 17 109
73 18 107
73 19 105
73 20 104
73 21 102
73 22 100
73 23 98
73 24 97
73 25 95
73 26 93
73 27 92
73 28 90
73 29 88
73 30 86
73 31 85
73 32 83
73 33 81
73 34 80
73 35 78
73 36 76
73 37 74
73 38 72
73 39 71
73 40 69
73 41 67
73 42 65
73 43 63
73 44 61
73 45 59
73 46 57
73 47 55
73 48 54
73 49 52
73 50 50
73 51 48
73 52 46
73 53 44
73 54 42
73 55 40
73 56 39
73 57 37
73 58 35
73 59 33
73 60 31
74 1 138
74 2 136
74 3 134
74 4 133
74 5 131
74 6 130
74 7 128
74 8 126
74 9 124
74 10 122
74 11 120
74 12 119
74 13 117
74 14 115
74 15 114
74 16 112
74 17 110
74 18 108
74 19 107
74 20 105
74 21 103
74 22 101
74 23 99
74 24 98
74 25 96
74 26 95
74 27 93
74 28 91
74 29 90
74 30 88
74 31 86
74 32 84
74 33 83
74 34 81
74 35 79
74 36 78
74 37 76
74 38 74
74 39 72
74 40 70
74 41 68
74 42 66
74 43 64
74 44 62
74 45 60
74 46 58
74 47 56
74 48 55
74 49 53
74 50 51
74 51 49
74 52 47
74 53 45
74 54 43
74 55 41
74 56 39
74 57 37
74 58 36
74 59 34
74 60 32
75 1 136
75 2 135
75 3 133
75 4 131
75 5 130
75 6 128
75 7 126
75 8 124
75 9 123
75 10 121
75 11 119
75 12 118
75 13 116
75 14 114
75 15 112
75 16 111
75 17 109
75 18 107
75 19 106
75 20 104
75 21 102
75 22 100
75 23 99
75 24 97
75 25 95
75 26 94
75 27 92
75 28 90
75 29 89
75 30 87
75 31 85
75 32 83
75 33 82
75 34 80
75 35 78
75 36 77
75 37 75
75 38 73
75 39 71
75 40 70
75 41 68
75 42 66
75 43 65
75 44 63
75 45 61
75 46 59
75 47 58
75 48 56
75 49 54
75 50 52
75 51 51
75 52 49
75 53 47
75 54 46
75 55 44
75 56 42
75 57 40
75 58 39
75 59 37
75 60 35
76 1 137
76 2 135
76 3 133
76 4 132
76 5 130
76 6 128
76 7 126
76 8 125
76 9 123
76 10 121
76 11 119
76 12 118
76 13 116
76 14 114
76 15 113
76 16 111
76 17 109
76 18 107
76 19 106
76 20 104
76 21 102
76 22 100
76 23 99
76 24 97
76 25 95
76 26 94
76 27 92
76 28 90
76 29 89
76 30 87
76 31 85
76 32 84
76 33 82
76 34 80
76 35 78
76 36 77
76 37 75
76 38 73
76 39 71
76 40 70
76 41 68
76 42 66
76 43 64
76 44 63
76 45 61
76 46 59
76 47 57
76 48 56
76 49 54
76 50 52
76 51 50
76 52 48
76 53 47
76 54 45
76 55 43
76 56 41
76 57 40
76 58 38
76 59 36
76 60 34
77 1 137
77 2 135
77 3 133
77 4 132
77 5 130
77 6 128
77 7 126
77 8 125
77 9 123
77 10 121
77 11 119
77 12 118
77 13 116
77 14 114
77 15 113
77 16 111
77 17 109
77 18 107
77 19 106
77 20 104
77 21 102
77 22 100
77 23 99
77 24 97
77 25 95
77 26 94
77 27 92
77 28 90
77 29 89
77 30 87
77 31 85
77 32 83
77 33 82
77 34 80
77 35 78
77 36 77
77 37 75
77 38 73
77 39 71
77 40 69
77 41 68
77 42 66
77 43 64
77 44 62
77 45 60
77 46 58
77 47 57
77 48 55
77 49 53
77 50 51
77 51 50
77 52 48
77 53 46
77 54 44
77 55 42
77 56 40
77 57 39
77 58 37
77 59 35
77 60 33
78 1 137
78 2 135
78 3 134
78 4 132
78 5 131
78 6 129
78 7 127
78 8 125
78 9 123
78 10 121
78 11 120
78 12 118
78 13 116
78 14 115
78 15 113
78 16 111
78 17 109
78 18 108
78 19 106
78 20 104
78 21 102
78 22 101
78 23 99
78 24 97
78 25 96
78 26 94
78 27 92
78 28 91
78 29 89
78 30 87
78 31 86
78 32 84
78 33 82
78 34 80
78 35 79
78 36 77
78 37 75
78 38 73
78 39 71
78 40 70
78 41 68
78 42 66
78 43 64
78 44 62
78 45 60
78 46 58
78 47 57
78 48 55
78 49 53
78 50 51
78 51 49
78 52 47
78 53 46
78 54 44
78 55 42
78 56 40
78 57 38
78 58 36
78 59 35
78 60 33
79 1 105
79 2 104
79 3 103
79 4 102
79 5 101
79 6 100
79 7 99
79 8 98
79 9 97
79 10 96
79 11 70
79 12 69
79 13 69
79 14 68
79 15 67
79 16 67
79 17 66
79 18 65
79 19 65
79 20 64
79 21 63
79 22 62
79 23 62
79 24 61
79 25 60
79 26 60
79 27 59
79 28 58
79 29 58
79 30 57
79 31 56
79 32 56
79 33 55
79 34 54
79 35 53
79 36 53
79 37 52
79 38 51
79 39 51
79 40 50
79 41 49
79 42 49
79 43 48
79 44 47
79 45 47
79 46 46
79 47 45
79 48 44
79 49 44
79 50 43
79 51 42
79 52 42
79 53 41
79 54 40
79 55 40
79 56 39
79 57 38
79 58 38
79 59 37
79 60 36
80 1 105
80 2 104
80 3 103
80 4 102
80 5 101
80 6 100
80 7 99
80 8 98
80 9 97
80 10 96
80 11 70
80 12 69
80 13 69
80 14 68
80 15 67
80 16 67
80 17 66
80 18 65
80 19 64
80 20 64
80 21 63
80 22 62
80 23 62
80 24 61
80 25 60
80 26 60
80 27 59
80 28 58
80 29 57
80 30 57
80 31 56
80 32 55
80 33 55
80 34 54
80 35 53
80 36 53
80 37 52
80 38 51
80 39 50
80 40 50
80 41 49
80 42 48
80 43 48
80 44 47
80 45 46
80 46 45
80 47 45
80 48 44
80 49 43
80 50 43
80 51 42
80 52 41
80 53 41
80 54 40
80 55 39
80 56 38
80 57 38
80 58 37
80 59 36
80 60 36
81 1 105
81 2 104
81 3 103
81 4 102
81 5 101
81 6 100
81 7 99
81 8 98
81 9 97
81 10 96
81 11 70
81 12 69
81 13 69
81 14 68
81 15 67
81 16 67
81 17 66
81 18 65
81 19 65
81 20 64
81 21 63
81 22 62
81 23 62
81 24 61
81 25 60
81 26 60
81 27 59
81 28 58
81 29 57
81 30 57
81 31 56
81 32 55
81 33 55
81 34 54
81 35 53
81 36 52
81 37 52
81 38 51
81 39 50
81 40 50
81 41 49
81 42 48
81 43 47
81 44 47
81 45 46
81 46 45
81 47 45
81 48 44
81 49 43
81 50 42
81 51 42
81 52 41
81 53 40
81 54 40
81 55 39
81 56 38
81 57 38
81 58 37
81 59 36
81 60 35
82 1 105
82 2 104
82 3 103
82 4 102
82 5 101
82 6 100
82 7 99
82 8 98
82 9 97
82 10 96
82 11 70
82 12 69
82 13 68
82 14 68
82 15 67
82 16 66
82 17 66
82 18 65
82 19 64
82 20 63
82 21 63
82 22 62
82 23 61
82 24 60
82 25 60
82 26 59
82 27 58
82 28 58
82 29 57
82 30 56
82 31 56
82 32 55
82 33 54
82 34 53
82 35 53
82 36 52
82 37 51
82 38 50
82 39 50
82 40 49
82 41 48
82 42 48
82 43 47
82 44 46
82 45 45
82 46 45
82 47 44
82 48 43
82 49 43
82 50 42
82 51 41
82 52 40
82 53 40
82 54 39
82 55 38
82 56 38
82 57 37
82 58 36
82 59 35
82 60 35
83 1 105
83 2 104
83 3 103
83 4 102
83 5 101
83 6 100
83 7 99
83 8 98
83 9 97
83 10 96
83 11 70
83 12 69
83 13 68
83 14 68
83 15 67
83 16 66
83 17 66
83 18 65
83 19 64
83 20 64
83 21 63
83 22 62
83 23 61
83 24 61
83 25 60
83 26 59
83 27 59
83 28 58
83 29 57
83 30 56
83 31 56
83 32 55
83 33 54
83 34 54
83 35 53
83 36 52
83 37 52
83 38 51
83 39 50
83 40 49
83 41 49
83 42 48
83 43 47
83 44 47
83 45 46
83 46 45
83 47 44
83 48 44
83 49 43
83 50 42
83 51 42
83 52 41
83 53 40
83 54 39
83 55 39
83 56 38
83 57 37
83 58 37
83 59 36
83 60 35
84 1 105
84 2 104
84 3 103
84 4 102
84 5 101
84 6 100
84 7 99
84 8 98
84 9 97
84 10 96
84 11 70
84 12 69
84 13 69
84 14 68
84 15 67
84 16 66
84 17 66
84 18 65
84 19 64
84 20 64
84 21 63
84 22 62
84 23 62
84 24 61
84 25 60
84 26 59
84 27 59
84 28 58
84 29 57
84 30 57
84 31 56
84 32 55
84 33 55
84 34 54
84 35 53
84 36 53
84 37 52
84 38 51
84 39 50
84 40 50
84 41 49
84 42 48
84 43 48
84 44 47
84 45 46
84 46 46
84 47 45
84 48 44
84 49 44
84 50 43
84 51 42
84 52 41
84 53 41
84 54 40
84 55 39
84 56 39
84 57 38
84 58 37
84 59 37
84 60 36
85 1 105
85 2 104
85 3 103
85 4 102
85 5 101
85 6 100
85 7 99
85 8 98
85 9 97
85 10 96
85 11 70
85 12 70
85 13 69
85 14 68
85 15 68
85 16 67
85 17 66
85 18 66
85 19 65
85 20 64
85 21 64
85 22 63
85 23 62
85 24 61
85 25 61
85 26 60
85 27 59
85 28 59
85 29 58
85 30 57
85 31 57
85 32 56
85 33 55
85 34 55
85 35 54
85 36 53
85 37 53
85 38 52
85 39 51
85 40 50
85 41 50
85 42 49
85 43 48
85 44 48
85 45 47
85 46 46
85 47 46
85 48 45
85 49 44
85 50 44
85 51 43
85 52 42
85 53 42
85 54 41
85 55 40
85 56 40
85 57 39
85 58 38
85 59 37
85 60 37
86 1 105
86 2 104
86 3 103
86 4 102
86 5 101
86 6 100
86 7 99
86 8 98
86 9 97
86 10 96
86 11 70
86 12 70
86 13 69
86 14 68
86 15 68
86 16 67
86 17 66
86 18 65
86 19 65
86 20 64
86 21 63
86 22 63
86 23 62
86 24 61
86 25 61
86 26 60
86 27 59
86 28 58
86 29 58
86 30 57
86 31 56
86 32 56
86 33 55
86 34 54
86 35 54
86 36 53
86 37 52
86 38 51
86 39 51
86 40 50
86 41 49
86 42 49
86 43 48
86 44 47
86 45 47
86 46 46
86 47 45
86 48 44
86 49 44
86 50 43
86 51 42
86 52 42
86 53 41
86 54 40
86 55 40
86 56 39
86 57 38
86 58 37
86 59 37
86 60 36
